1.0000 0.463142415633429
1.2001 0.241208216523403
2.2501 0.250772112145504
2.4501 0.225056186041502
2.6501 0.226042861173181
3.7501 0.224990190683524
3.9501 0.224725599323307
4.1501 0.224686898006117
4.3502 0.224688523511646
4.5502 0.224664407251663
5.7502 0.224671506273760
5.9502 0.224647601602196
6.1502 0.224644209262184
6.3503 0.224641754716020
6.5503 0.224638650411350
6.7503 0.224638792165336
6.9503 0.224635579032269
7.1504 0.224638695948551
7.3504 0.224631413846255
7.5504 0.224630133983238
8.7504 0.224628505307989
8.9504 0.224626429641616
9.1504 0.224625702128053
9.3504 0.224625096411487
9.5505 0.224624360208095
9.7505 0.224623745617951
9.9505 0.224623184943239
10.1505 0.224622538225672
10.3506 0.224622444165094
10.5506 0.224621948785284
10.7506 0.224621751900011
10.9506 0.224621356780972
11.1507 0.224620970562702
11.3507 0.224619978470588
11.5507 0.224619626726266
11.7507 0.224619157043444
11.9508 0.224622033749933
12.1508 0.224619502377020
12.3508 0.224627074733896
12.5508 0.224617670313380
13.7507 0.224617894764232
13.9508 0.224616947440239
14.1508 0.224616731147201
14.3508 0.224616502261664
14.5508 0.224616213181151
14.7509 0.224615989012686
14.9509 0.224615885318005
15.1509 0.224615705773099
15.3509 0.224615347370962
15.5510 0.224615208364891
15.7510 0.224615103741588
15.9510 0.224614818044079
16.1510 0.224614680738108
16.3511 0.224614515234460
16.5511 0.224614736494200
16.7511 0.224614403587832
16.9511 0.224614079473805
17.1512 0.224613928018031
17.3512 0.224614004421677
17.5512 0.224613642296462
17.7512 0.224613534030704
17.9513 0.224613380559186
18.1513 0.224613358949742
18.3513 0.224613107410748
18.5513 0.224612941239824
18.7514 0.224612807119757
18.9514 0.224612976698658
19.1514 0.224612677503275
19.3514 0.224612604883362
19.5515 0.224612515529331
19.7515 0.224612682158274
19.9515 0.224612076001998
20.1515 0.224612038494315
20.3516 0.224611784438059
20.5516 0.224611635622330
20.7516 0.224611528512683
20.9516 0.224611418935466
21.1517 0.224611566986823
21.3517 0.224611190122692
21.5517 0.224611046277661
22.7515 0.224611370519496
22.9515 0.224610760989416
23.1515 0.224610646429251
23.3516 0.224610535085329
23.5516 0.224610442867918
23.7516 0.224610311224771
23.9516 0.224610199697028
24.1517 0.224610088412714
24.3517 0.224609990228405
24.5517 0.224609869774058
24.7517 0.224609758837347
24.9518 0.224609656795168
25.1518 0.224609590913088
25.3518 0.224609431247528
25.5518 0.224609387177019
25.7519 0.224609226487658
25.9519 0.224609181750835
26.1519 0.224609132072164
26.3519 0.224609094507264
26.5519 0.224609102834222
26.7520 0.224609086325188
26.9520 0.224609010813828
27.1520 0.224608980300483
27.3520 0.224608949473636
27.5521 0.224608917375138
27.7521 0.224608888467511
27.9521 0.224608859534711
28.1521 0.224608830297128
28.3522 0.224608805744677
28.5522 0.224608778437475
28.7522 0.224608770279633
28.9522 0.224608717011318
29.1523 0.224608708687043
29.3523 0.224608668914650
29.5523 0.224608647658225
29.7523 0.224608605868140
29.9524 0.224608583200277
30.1524 0.224608549687265
30.3524 0.224608526218198
30.5524 0.224608498395712
30.7525 0.224608470143099
30.9525 0.224608450673185
31.1525 0.224608434601729
31.3525 0.224608421270678
31.5526 0.224608417539474
31.7526 0.224608421865136
31.9526 0.224608416364896
32.1526 0.224608420799636
32.3527 0.224608428835229
32.5527 0.224608418396531
32.7527 0.224608431474632
32.9527 0.224608414212510
33.1528 0.224608432594077
33.3528 0.224608407242223
33.5528 0.224608410075862
33.7528 0.224608418758134
33.9529 0.224608417302362
34.1529 0.224608426538255
34.3529 0.224608410101693
34.5529 0.224608412771605
34.7530 0.224608408246643
34.9530 0.224611126169341
35.1530 0.224608412550294
35.3530 0.224608407557278
35.5531 0.224608411731253
35.7531 0.224608415678489
35.9531 0.224608456817186
36.1531 0.224608528269614
36.3532 0.224608408543307
36.5532 0.224608410459770
36.7532 0.224608433489622
36.9532 0.224608426492266
37.1533 0.224608475882930
37.3533 0.224608515251632
37.5533 0.224608433913509
37.7533 0.224608414766748
37.9533 0.224608405599205
38.1534 0.224608402137622
38.3534 0.224608411676952
38.5534 0.224608406690481
39.7530 0.224608407123348
39.9530 0.224608400407387
40.1530 0.224608421097616
40.3530 0.224608400005918
40.5531 0.224608399949640
40.7531 0.224608401720749
40.9531 0.224608401722301
41.1531 0.224608398925707
41.3532 0.224608398802923
41.5532 0.224608398813700
41.7532 0.224608398798118
41.9532 0.224608399079049
42.1533 0.224608398747833
42.3533 0.224608398515344
42.5533 0.224608409183288
42.7533 0.224608398831229
42.9533 0.224608401616965
43.1534 0.224608399064837
43.3534 0.224608398193968
43.5534 0.224608559167502
43.7534 0.224608398573396
43.9535 0.224608400131577
44.1535 0.224608398676032
44.3535 0.224608398361869
44.5535 0.224608398172291
44.7536 0.224608398717732
44.9536 0.224608398544294
45.1536 0.224608398881370
45.3536 0.224608398149270
45.5537 0.224608400626263
45.7537 0.224608398651705
45.9537 0.224608400276259
46.1537 0.224608397968651
46.3538 0.224608398759421
46.5538 0.224608398000996
46.7538 0.224608398982340
46.9538 0.224608398499624
47.1539 0.224608402603590
47.3539 0.224608398576419
47.5539 0.224608401062267
47.7539 0.224608399493208
47.9540 0.224608398339282
48.1540 0.224608400168159
48.3540 0.224608398203108
48.5540 0.224608398377517
48.7541 0.224608399953979
48.9541 0.224608398566967
49.1541 0.224608400104633
49.3541 0.224608399143110
49.5542 0.224608398112829
49.7542 0.224608399324695
49.9542 0.224608398014414
50.1542 0.224608398368651
50.3543 0.224608405268080
50.5543 0.224608399641878
50.7543 0.224608398187236
50.9543 0.224608397825661
51.1544 0.224608398519282
51.3544 0.224608409164756
51.5544 0.224608398487532
51.7544 0.224608400551404
51.9545 0.224608398724817
52.1545 0.224608398263649
52.3545 0.224608404558913
52.5545 0.224608398732708
52.7546 0.224608420775496
52.9546 0.224608398930787
53.1546 0.224608398047585
53.3546 0.224608400736090
53.5547 0.224608398376179
53.7547 0.224608398113975
53.9547 0.224608397778524
54.1547 0.224608398820039
54.3547 0.224608398675541
54.5548 0.224608399654817
54.7548 0.224608398018307
54.9548 0.224608398090832
55.1548 0.224608397968231
55.3549 0.224608398719216
55.5549 0.224608398044093
55.7549 0.224608398857964
55.9549 0.224608403055393
56.1550 0.224608398097060
56.3550 0.224608400242851
56.5550 0.224608398942494
56.7550 0.224608398190159
56.9551 0.224608398626030
57.1551 0.224608398583724
57.3551 0.224608404576856
57.5551 0.224608399313304
57.7552 0.224608398131882
57.9552 0.224608399512723
58.1552 0.224608399498558
58.3552 0.224608401441436
58.5553 0.224608398161232
58.7553 0.224608398023724
58.9553 0.224608402093522
59.1553 0.224608398486738
59.3554 0.224608398575619
59.5554 0.224608403320700
59.7554 0.224608398969075
59.9554 0.224608398973641
60.1555 0.224608399157654
60.3555 0.224608406437517
60.5555 0.224608397858832
60.7555 0.224608403164943
60.9556 0.224608398583837
61.1556 0.224608402319455
61.3556 0.224608398457716
61.5556 0.224608398191495
61.7557 0.224608400263160
61.9557 0.224608400744155
62.1557 0.224608398922005
62.3557 0.224608398523975
62.5558 0.224608417568428
62.7558 0.224608399558970
62.9558 0.224608399307771
63.1558 0.224608399102776
63.3559 0.224608398798636
63.5559 0.224608400134812
63.7559 0.224608403358334
63.9559 0.224608399315525
64.1560 0.224608399470728
64.3560 0.224608398263946
64.5560 0.224608399310372
64.7560 0.224608398237184
64.9561 0.224608403844103
65.1561 0.224608399069247
65.3561 0.224608398132696
65.5561 0.224608397953061
65.7561 0.224608399825038
65.9562 0.224608398325157
66.1562 0.224608397893720
66.3562 0.224608401841450
66.5562 0.224608398140622
66.7563 0.224608399443126
66.9563 0.224608398256679
67.1563 0.224608399058161
67.3563 0.224608398442589
67.5564 0.224608398487736
67.7564 0.224608398804876
67.9564 0.224608398256231
68.1564 0.224608400002416
68.3565 0.224608398910634
68.5565 0.224608398196112
68.7565 0.224608397769210
68.9565 0.224608398702826
69.1566 0.224608398761107
69.3566 0.224608398333270
69.5566 0.224608400494636
69.7566 0.224608398743697
69.9567 0.224608398551581
70.1567 0.224608398907509
70.3567 0.224608398514564
70.5567 0.224608398199241
70.7568 0.224608403442352
70.9568 0.224608399091049
71.1568 0.224608405051617
71.3568 0.224608398357752
71.5569 0.224608400219199
72.7559 0.224608398644180
72.9559 0.224608397270985
73.1560 0.224608397268699
73.3560 0.224608397264973
73.5560 0.224608397264441
73.7560 0.224608397261489
73.9561 0.224608397261765
74.1561 0.224608397263611
74.3561 0.224608397256700
74.5561 0.224608397256014
74.7561 0.224608397255857
74.9562 0.224608397255122
75.1562 0.224608397256280
75.3562 0.224608397256334
75.5562 0.224608397256654
75.7563 0.224608397261154
75.9563 0.224608397255969
76.1563 0.224608397263053
76.3563 0.224608397254442
76.5564 0.224608397254806
76.7564 0.224608397254700
76.9564 0.224608397253593
77.1564 0.224608397254843
77.3565 0.224608397257848
77.5565 0.224608397253887
77.7565 0.224608397256018
77.9565 0.224608397253462
78.1566 0.224608397258125
78.3566 0.224608397254725
78.5566 0.224608397254854
78.7566 0.224608397253640
78.9567 0.224608397258573
79.1567 0.224608397253455
79.3567 0.224608397254553
79.5567 0.224608397261384
79.7568 0.224608397271924
79.9568 0.224608397254531
80.1568 0.224608397260379
80.3568 0.224608397253794
80.5569 0.224608397253326
80.7569 0.224608397254518
80.9569 0.224608397257231
81.1569 0.224608397256489
81.3570 0.224608397264594
81.5570 0.224608397253604
81.7570 0.224608397254720
81.9570 0.224608397258023
82.1571 0.224608397254024
82.3571 0.224608397253545
82.5571 0.224608397253604
82.7571 0.224608397253740
82.9572 0.224608397256421
83.1572 0.224608397262466
83.3572 0.224608397253570
83.5572 0.224608397256116
83.7573 0.224608397253902
83.9573 0.224608397254532
84.1573 0.224608397308034
84.3573 0.224608397253905
84.5574 0.224608397254264
84.7574 0.224608397253778
84.9574 0.224608397253516
85.1574 0.224608397287918
85.3575 0.224608397258031
85.5575 0.224608397254402
85.7575 0.224608397253064
85.9575 0.224608397261686
86.1576 0.224608397253644
86.3576 0.224608397255169
86.5576 0.224608397258627
86.7576 0.224608397268451
86.9576 0.224608397259627
87.1577 0.224608397256018
87.3577 0.224608397253813
87.5577 0.224608397255728
87.7577 0.224608397253313
87.9578 0.224608397254226
88.1578 0.224608397253685
88.3578 0.224608397253692
88.5578 0.224608397255032
88.7579 0.224608397253297
88.9579 0.224608397256032
89.1579 0.224608397253082
89.3579 0.224608397255286
89.5580 0.224608397259683
89.7580 0.224608397253241
89.9580 0.224608397256037
90.1580 0.224608397370139
90.3581 0.224608397253938
90.5581 0.224608397254143
90.7581 0.224608397256271
90.9581 0.224608397253604
91.1582 0.224608397255470
91.3582 0.224608397253731
91.5582 0.224608397252992
91.7582 0.224608397253728
91.9583 0.224608397254822
92.1583 0.224608397256499
92.3583 0.224608397259969
92.5583 0.224608397255575
92.7584 0.224608397253563
92.9584 0.224608397254833
93.1584 0.224608397253803
93.3584 0.224608397256868
93.5585 0.224608397258947
93.7585 0.224608397255242
93.9585 0.224608397253970
94.1585 0.224608397253557
94.3586 0.224608397254235
94.5586 0.224608397256145
94.7586 0.224608397254745
94.9586 0.224608397255596
95.1587 0.224608397255706
95.3587 0.224608397260975
95.5587 0.224608397253121
95.7587 0.224608397262046
95.9588 0.224608397269904
96.1588 0.224608397256466
96.3588 0.224608397254367
96.5588 0.224608397253331
96.7589 0.224608397254698
96.9589 0.224608397255700
97.1589 0.224608397254935
97.3589 0.224608397253320
97.5590 0.224608397254920
97.7590 0.224608397253866
97.9590 0.224608397437868
98.1590 0.224608397255289
98.3590 0.224608397253635
98.5591 0.224608397254519
98.7591 0.224608397253590
98.9591 0.224608397253214
99.1591 0.224608397253712
99.3592 0.224608397253218
99.5592 0.224608397258869
99.7592 0.224608397253451
99.9592 0.224608397256998
100.1593 0.224608397253307
100.3593 0.224608397261323
100.5593 0.224608397253603
100.7593 0.224608397256820
100.9594 0.224608397253433
101.1594 0.224608397254206
101.3594 0.224608397253570
101.5594 0.224608397255472
101.7595 0.224608397255139
101.9595 0.224608397254147
102.1595 0.224608397253675
102.3595 0.224608397253897
102.5596 0.224608397253355
102.7596 0.224608397254779
102.9596 0.224608397256302
103.1596 0.224608397253800
103.3597 0.224608397254454
103.5597 0.224608397263624
103.7597 0.224608397253605
103.9597 0.224608397254142
104.1598 0.224608397256541
104.3598 0.224608397253282
104.5598 0.224608397287092
104.7598 0.224608397254188
104.9599 0.224608397263849
105.1599 0.224608397253850
105.3599 0.224608397260360
105.5599 0.224608397253587
105.7600 0.224608397253825
105.9600 0.224608397255635
106.1600 0.224608397253145
106.3600 0.224608397255019
106.5601 0.224608397254826
106.7601 0.224608397269933
106.9601 0.224608397253421
107.1601 0.224608397253215
107.3602 0.224608397253221
107.5602 0.224608397253920
107.7602 0.224608397254864
107.9602 0.224608397254358
108.1603 0.224608397253343
108.3603 0.224608397254205
108.5603 0.224608397254102
108.7603 0.224608397253234
108.9604 0.224608397253237
109.1604 0.224608397254027
109.3604 0.224608397254425
109.5604 0.224608397253592
109.7604 0.224608397254106
109.9605 0.224608397254701
110.1605 0.224608397512864
110.3605 0.224608397254721
110.5605 0.224608397253898
110.7606 0.224608397253255
110.9606 0.224608397253282
111.1606 0.224608397255015
111.3606 0.224608397253878
111.5607 0.224608397253453
111.7607 0.224608397255354
111.9607 0.224608397254167
112.1607 0.224608397254720
112.3608 0.224608397254795
112.5608 0.224608397254829
112.7608 0.224608397253971
112.9608 0.224608397253948
113.1609 0.224608397253792
113.3609 0.224608397253783
113.5609 0.224608397253685
113.7609 0.224608397254496
113.9610 0.224608397259847
114.1610 0.224608397254034
114.3610 0.224608397253757
114.5610 0.224608397258147
114.7611 0.224608397253226
114.9611 0.224608397253205
115.1611 0.224608397261332
115.3611 0.224608397253002
115.5612 0.224608397254124
115.7612 0.224608397253308
115.9612 0.224608397257350
116.1612 0.224608397253484
116.3613 0.224608397253130
116.5613 0.224608397253178
116.7613 0.224608397255498
116.9613 0.224608397254101
117.1614 0.224608397254114
117.3614 0.224608397254087
117.5614 0.224608397273932
117.7614 0.224608397255456
117.9615 0.224608397258265
118.1615 0.224608397255041
118.3615 0.224608397257994
118.5615 0.224608397253638
118.7616 0.224608397258199
118.9616 0.224608397254221
119.1616 0.224608397254198
119.3616 0.224608397253799
119.5617 0.224608397256283
119.7617 0.224608397259229
119.9617 0.224608397253610
120.1617 0.224608397253475
120.3618 0.224608397254798
120.5618 0.224608397255479
120.7618 0.224608397255921
120.9618 0.224608397269122
121.1619 0.224608397255003
121.3619 0.224608397253927
121.5619 0.224608397253271
121.7619 0.224608397254230
121.9619 0.224608397253176
122.1620 0.224608397253531
122.3620 0.224608397253281
122.5620 0.224608397255127
122.7620 0.224608397260931
122.9621 0.224608397253883
123.1621 0.224608397255286
123.3621 0.224608397258267
123.5621 0.224608397253351
123.7622 0.224608397259178
123.9622 0.224608397254713
124.1622 0.224608397255864
124.3622 0.224608397254642
124.5623 0.224608397257979
124.7623 0.224608397259779
124.9623 0.224608397253554
125.1623 0.224608397253177
125.3624 0.224608397255321
125.5624 0.224608397254195
125.7624 0.224608397256457
125.9624 0.224608397253193
126.1625 0.224608397253663
126.3625 0.224608397254429
126.5625 0.224608397253827
126.7625 0.224608397258742
126.9626 0.224608397253395
127.1626 0.224608397255177
127.3626 0.224608397254048
127.5626 0.224608397254274
127.7627 0.224608397254066
127.9627 0.224608397257231
128.1627 0.224608397254553
128.3627 0.224608397255415
128.5628 0.224608397254130
128.7628 0.224608397253618
128.9628 0.224608397259623
129.1628 0.224608397260462
129.3629 0.224608397254132
129.5629 0.224608397254173
129.7629 0.224608397254479
129.9629 0.224608397253082
130.1630 0.224608397253766
130.3630 0.224608397254466
130.5630 0.224608397253762
130.7630 0.224608397253274
130.9631 0.224608397256038
131.1631 0.224608397254547
131.3631 0.224608397254636
131.5631 0.224608397253543
131.7632 0.224608397253100
131.9632 0.224608397253206
132.1632 0.224608397258466
132.3632 0.224608397269577
132.5633 0.224608397255748
132.7633 0.224608397254062
132.9633 0.224608397262793
133.1633 0.224608397253817
133.3633 0.224608397253291
133.5634 0.224608397253180
133.7634 0.224608397253813
133.9634 0.224608397253095
134.1634 0.224608397253635
134.3635 0.224608397253805
134.5635 0.224608397253632
134.7635 0.224608397259220
134.9635 0.224608397256391
135.1636 0.224608397261859
135.3636 0.224608397253959
135.5636 0.224608397256831
135.7636 0.224608397254704
135.9637 0.224608397256172
136.1637 0.224608397283022
136.3637 0.224608397253887
136.5637 0.224608397253545
137.7618 0.224608397266450
137.9618 0.224608397252563
138.1619 0.224608397252541
138.3619 0.224608397252537
138.5619 0.224608397252527
138.7619 0.224608397252522
138.9619 0.224608397252519
139.1620 0.224608397252523
139.3620 0.224608397252517
139.5620 0.224608397252519
139.7620 0.224608397252517
139.9621 0.224608397252515
140.1621 0.224608397252519
140.3621 0.224608397252512
140.5621 0.224608397252514
140.7622 0.224608397252511
140.9622 0.224608397252507
141.1622 0.224608397252507
141.3622 0.224608397252512
141.5623 0.224608397252512
141.7623 0.224608397252509
141.9623 0.224608397252513
142.1623 0.224608397252510
142.3624 0.224608397252508
142.5624 0.224608397252511
142.7624 0.224608397252508
142.9624 0.224608397252509
143.1625 0.224608397252505
143.3625 0.224608397252505
143.5625 0.224608397252507
143.7625 0.224608397252506
143.9626 0.224608397252504
144.1626 0.224608397252504
144.3626 0.224608397252503
144.5626 0.224608397252502
144.7627 0.224608397252505
144.9627 0.224608397252503
145.1627 0.224608397252504
145.3627 0.224608397252503
145.5628 0.224608397252504
145.7628 0.224608397252502
145.9628 0.224608397252505
146.1628 0.224608397252504
146.3629 0.224608397252502
146.5629 0.224608397252599
146.7629 0.224608397252506
146.9629 0.224608397252504
147.1630 0.224608397252503
147.3630 0.224608397252502
147.5630 0.224608397252503
147.7630 0.224608397252504
147.9631 0.224608397252509
148.1631 0.224608397252521
148.3631 0.224608397252503
148.5631 0.224608397252502
148.7632 0.224608397252514
148.9632 0.224608397252507
149.1632 0.224608397252507
149.3632 0.224608397252500
149.5633 0.224608397252502
149.7633 0.224608397252504
149.9633 0.224608397252515
150.1633 0.224608397252502
150.3633 0.224608397252501
150.5634 0.224608397252501
150.7634 0.224608397252501
150.9634 0.224608397252518
151.1634 0.224608397252502
151.3635 0.224608397252502
151.5635 0.224608397252524
151.7635 0.224608397252503
151.9635 0.224608397252504
152.1636 0.224608397252502
152.3636 0.224608397252529
152.5636 0.224608397252527
152.7636 0.224608397252502
152.9637 0.224608397252501
153.1637 0.224608397252500
153.3637 0.224608397252502
153.5637 0.224608397252523
153.7638 0.224608397252501
153.9638 0.224608397252503
154.1638 0.224608397252504
154.3638 0.224608397252524
154.5639 0.224608397252502
154.7639 0.224608397252503
154.9639 0.224608397252502
155.1639 0.224608397252503
155.3640 0.224608397252503
155.5640 0.224608397252518
155.7640 0.224608397252506
155.9640 0.224608397252504
156.1641 0.224608397252519
156.3641 0.224608397252507
156.5641 0.224608397252502
156.7641 0.224608397252502
156.9642 0.224608397252502
157.1642 0.224608397252524
157.3642 0.224608397252504
157.5642 0.224608397252501
157.7643 0.224608397252502
157.9643 0.224608397252505
158.1643 0.224608397252500
158.3643 0.224608397252500
158.5644 0.224608397252503
158.7644 0.224608397252505
158.9644 0.224608397252513
159.1644 0.224608397252502
159.3645 0.224608397252500
159.5645 0.224608397252503
159.7645 0.224608397252504
159.9645 0.224608397252542
160.1646 0.224608397252499
160.3646 0.224608397252505
160.5646 0.224608397252502
160.7646 0.224608397252500
160.9647 0.224608397252502
161.1647 0.224608397252503
161.3647 0.224608397252504
161.5647 0.224608397252502
161.7647 0.224608397252504
161.9648 0.224608397252500
162.1648 0.224608397252504
162.3648 0.224608397252502
162.5648 0.224608397252523
162.7649 0.224608397252503
162.9649 0.224608397252501
163.1649 0.224608397252511
163.3649 0.224608397252501
163.5650 0.224608397252503
163.7650 0.224608397252505
163.9650 0.224608397252504
164.1650 0.224608397252502
164.3651 0.224608397252681
164.5651 0.224608397252501
164.7651 0.224608397252503
164.9651 0.224608397252500
165.1652 0.224608397252508
165.3652 0.224608397252514
165.5652 0.224608397252500
165.7652 0.224608397252500
165.9653 0.224608397252500
166.1653 0.224608397252501
166.3653 0.224608397252501
166.5653 0.224608397252502
166.7654 0.224608397252502
166.9654 0.224608397252504
167.1654 0.224608397252501
167.3654 0.224608397252503
167.5655 0.224608397252498
167.7655 0.224608397252502
167.9655 0.224608397252500
168.1655 0.224608397252501
168.3656 0.224608397252501
168.5656 0.224608397252505
168.7656 0.224608397252503
168.9656 0.224608397252503
169.1657 0.224608397252503
169.3657 0.224608397252502
169.5657 0.224608397252502
169.7657 0.224608397252504
169.9658 0.224608397252501
170.1658 0.224608397252506
170.3658 0.224608397252502
170.5658 0.224608397252562
170.7659 0.224608397252504
170.9659 0.224608397252511
171.1659 0.224608397252544
171.3659 0.224608397252514
171.5660 0.224608397252501
171.7660 0.224608397252510
171.9660 0.224608397252506
172.1660 0.224608397252502
172.3661 0.224608397252506
172.5661 0.224608397252504
172.7661 0.224608397252536
172.9661 0.224608397252509
173.1661 0.224608397252501
173.3662 0.224608397252503
173.5662 0.224608397252502
173.7662 0.224608397252502
173.9662 0.224608397252501
174.1663 0.224608397252503
174.3663 0.224608397252502
174.5663 0.224608397252502
174.7663 0.224608397252499
174.9664 0.224608397252504
175.1664 0.224608397252505
175.3664 0.224608397252502
175.5664 0.224608397252502
175.7665 0.224608397252503
175.9665 0.224608397252503
176.1665 0.224608397252503
176.3665 0.224608397252500
176.5666 0.224608397252501
176.7666 0.224608397252516
176.9666 0.224608397252505
177.1666 0.224608397252505
177.3667 0.224608397252502
177.5667 0.224608397252502
177.7667 0.224608397252526
177.9667 0.224608397252502
178.1668 0.224608397252505
178.3668 0.224608397252507
178.5668 0.224608397252504
178.7668 0.224608397252506
178.9669 0.224608397252502
179.1669 0.224608397252503
179.3669 0.224608397252504
179.5669 0.224608397252503
179.7670 0.224608397252506
179.9670 0.224608397252500
180.1670 0.224608397252507
180.3670 0.224608397252508
180.5671 0.224608397252508
180.7671 0.224608397252502
180.9671 0.224608397252502
181.1671 0.224608397252501
181.3672 0.224608397252502
181.5672 0.224608397252502
181.7672 0.224608397252503
181.9672 0.224608397252500
182.1673 0.224608397252559
182.3673 0.224608397252502
182.5673 0.224608397252501
182.7673 0.224608397252502
182.9674 0.224608397252506
183.1674 0.224608397252501
183.3674 0.224608397252502
183.5674 0.224608397252504
183.7675 0.224608397252500
183.9675 0.224608397252509
184.1675 0.224608397252504
184.3675 0.224608397252506
184.5676 0.224608397252510
184.7676 0.224608397252501
184.9676 0.224608397252502
185.1676 0.224608397252650
185.3676 0.224608397252529
185.5677 0.224608397252507
185.7677 0.224608397252506
185.9677 0.224608397252499
186.1677 0.224608397252504
186.3678 0.224608397252503
186.5678 0.224608397252508
186.7678 0.224608397252505
186.9678 0.224608397252504
187.1679 0.224608397252503
187.3679 0.224608397252502
187.5679 0.224608397252503
187.7679 0.224608397252501
187.9680 0.224608397252504
188.1680 0.224608397252501
188.3680 0.224608397252502
188.5680 0.224608397252520
188.7681 0.224608397252501
188.9681 0.224608397252502
189.1681 0.224608397252503
189.3681 0.224608397252504
189.5682 0.224608397252502
189.7682 0.224608397252504
189.9682 0.224608397252505
190.1682 0.224608397252501
190.3683 0.224608397252502
190.5683 0.224608397252522
190.7683 0.224608397252505
190.9683 0.224608397252501
191.1684 0.224608397252501
191.3684 0.224608397252508
191.5684 0.224608397252500
191.7684 0.224608397252502
191.9685 0.224608397252534
192.1685 0.224608397252502
192.3685 0.224608397252500
192.5685 0.224608397252505
192.7686 0.224608397252504
192.9686 0.224608397252503
193.1686 0.224608397252505
193.3686 0.224608397252503
193.5687 0.224608397252502
193.7687 0.224608397252499
193.9687 0.224608397252524
194.1687 0.224608397252503
194.3688 0.224608397252504
194.5688 0.224608397252500
194.7688 0.224608397252504
194.9688 0.224608397252502
195.1689 0.224608397252500
195.3689 0.224608397252504
195.5689 0.224608397252504
195.7689 0.224608397252501
195.9690 0.224608397252502
196.1690 0.224608397252498
196.3690 0.224608397252507
196.5690 0.224608397252499
196.7690 0.224608397252503
196.9691 0.224608397252505
197.1691 0.224608397252503
197.3691 0.224608397252502
197.5691 0.224608397252499
197.7692 0.224608397252505
197.9692 0.224608397252503
198.1692 0.224608397252503
198.3692 0.224608397252503
198.5693 0.224608397252502
198.7693 0.224608397252502
198.9693 0.224608397252504
199.1693 0.224608397252505
199.3694 0.224608397252507
199.5694 0.224608397252500
199.7694 0.224608397252503
199.9694 0.224608397252597
200.1695 0.224608397252502
200.3695 0.224608397252501
200.5695 0.224608397252500
200.7695 0.224608397252499
200.9696 0.224608397252502
201.1696 0.224608397252501
201.3696 0.224608397252500
201.5696 0.224608397252504
201.7697 0.224608397252503
201.9697 0.224608397252503
202.1697 0.224608397252503
202.3697 0.224608397252506
202.5698 0.224608397252503
202.7698 0.224608397252508
202.9698 0.224608397252506
203.1698 0.224608397252502
203.3699 0.224608397252501
203.5699 0.224608397252505
203.7699 0.224608397252501
203.9699 0.224608397252509
204.1700 0.224608397252501
204.3700 0.224608397252503
204.5700 0.224608397252503
204.7700 0.224608397252504
204.9701 0.224608397252505
205.1701 0.224608397252502
205.3701 0.224608397252502
205.5701 0.224608397252507
205.7702 0.224608397252501
205.9702 0.224608397252501
206.1702 0.224608397252502
206.3702 0.224608397252502
206.5703 0.224608397252505
206.7703 0.224608397252502
206.9703 0.224608397252502
207.1703 0.224608397252501
207.3704 0.224608397252501
207.5704 0.224608397252531
207.7704 0.224608397252504
207.9704 0.224608397252501
208.1704 0.224608397252503
208.3705 0.224608397252504
208.5705 0.224608397252500
208.7705 0.224608397252500
208.9705 0.224608397252503
209.1706 0.224608397252504
209.3706 0.224608397252503
209.5706 0.224608397252502
209.7706 0.224608397252505
209.9707 0.224608397252505
210.1707 0.224608397252501
210.3707 0.224608397252501
210.5707 0.224608397252509
210.7708 0.224608397252499
210.9708 0.224608397252501
211.1708 0.224608397252502
211.3708 0.224608397252503
211.5709 0.224608397252502
211.7709 0.224608397252501
211.9709 0.224608397252500
212.1709 0.224608397252502
212.3710 0.224608397252654
212.5710 0.224608397252505
212.7710 0.224608397252503
212.9710 0.224608397252531
213.1711 0.224608397252505
213.3711 0.224608397252501
213.5711 0.224608397252503
213.7711 0.224608397252503
213.9712 0.224608397252501
214.1712 0.224608397252498
214.3712 0.224608397252503
214.5712 0.224608397252499
214.7713 0.224608397252504
214.9713 0.224608397252502
215.1713 0.224608397252520
215.3713 0.224608397252838
215.5714 0.224608397252503
215.7714 0.224608397252499
215.9714 0.224608397252501
216.1714 0.224608397252500
216.3715 0.224608397252501
216.5715 0.224608397252502
216.7715 0.224608397252505
216.9715 0.224608397252501
217.1716 0.224608397252503
217.3716 0.224608397252501
217.5716 0.224608397252503
217.7716 0.224608397252502
217.9717 0.224608397252505
218.1717 0.224608397252502
218.3717 0.224608397252506
218.5717 0.224608397252505
218.7718 0.224608397252504
218.9718 0.224608397252503
219.1718 0.224608397252502
219.3718 0.224608397252507
219.5718 0.224608397252500
219.7719 0.224608397252503
219.9719 0.224608397252501
220.1719 0.224608397252502
220.3719 0.224608397252510
220.5720 0.224608397252503
220.7720 0.224608397252504
220.9720 0.224608397252504
221.1720 0.224608397252500
221.3721 0.224608397252531
221.5721 0.224608397252500
221.7721 0.224608397252504
221.9721 0.224608397252498
222.1722 0.224608397252500
222.3722 0.224608397252528
222.5722 0.224608397252506
222.7722 0.224608397252500
222.9723 0.224608397252502
223.1723 0.224608397252503
223.3723 0.224608397252503
223.5723 0.224608397252503
223.7724 0.224608397252511
223.9724 0.224608397252502
224.1724 0.224608397252503
224.3724 0.224608397252502
224.5725 0.224608397252511
224.7725 0.224608397252501
224.9725 0.224608397252502
225.1725 0.224608397252510
225.3726 0.224608397252520
225.5726 0.224608397252502
225.7726 0.224608397252500
225.9726 0.224608397252503
226.1727 0.224608397252505
226.3727 0.224608397252502
226.5727 0.224608397252500
226.7727 0.224608397252504
226.9728 0.224608397252502
227.1728 0.224608397252503
227.3728 0.224608397252501
227.5728 0.224608397252503
227.7729 0.224608397252505
227.9729 0.224608397252510
228.1729 0.224608397252501
228.3729 0.224608397252504
228.5730 0.224608397252503
228.7730 0.224608397252504
228.9730 0.224608397252507
229.1730 0.224608397252505
229.3731 0.224608397252505
229.5731 0.224608397252513
229.7731 0.224608397252504
229.9731 0.224608397252500
230.1732 0.224608397252506
230.3732 0.224608397252504
230.5732 0.224608397252503
230.7732 0.224608397252502
230.9733 0.224608397252501
231.1733 0.224608397252503
231.3733 0.224608397252500
231.5733 0.224608397252502
231.7733 0.224608397252505
231.9734 0.224608397252504
232.1734 0.224608397252510
232.3734 0.224608397252503
232.5734 0.224608397252505
232.7735 0.224608397252502
232.9735 0.224608397252505
233.1735 0.224608397252506
233.3735 0.224608397252503
233.5736 0.224608397252500
233.7736 0.224608397252502
233.9736 0.224608397252526
234.1736 0.224608397252504
234.3737 0.224608397252501
234.5737 0.224608397252506
234.7737 0.224608397252501
234.9737 0.224608397252501
235.1738 0.224608397252502
235.3738 0.224608397252516
235.5738 0.224608397252506
235.7738 0.224608397252501
235.9739 0.224608397252499
236.1739 0.224608397252503
236.3739 0.224608397252502
236.5739 0.224608397252503
236.7740 0.224608397252505
236.9740 0.224608397252502
237.1740 0.224608397252501
237.3740 0.224608397252524
237.5741 0.224608397252502
237.7741 0.224608397252501
237.9741 0.224608397252500
238.1741 0.224608397252502
238.3742 0.224608397252502
238.5742 0.224608397252503
238.7742 0.224608397252504
238.9742 0.224608397252505
239.1743 0.224608397252503
239.3743 0.224608397252501
239.5743 0.224608397252505
239.7743 0.224608397252501
239.9744 0.224608397252515
240.1744 0.224608397252505
240.3744 0.224608397252501
240.5744 0.224608397252501
240.7745 0.224608397252499
240.9745 0.224608397252501
241.1745 0.224608397252501
241.3745 0.224608397252502
241.5746 0.224608397252502
241.7746 0.224608397252503
241.9746 0.224608397252500
242.1746 0.224608397252503
242.3747 0.224608397252503
242.5747 0.224608397252501
242.7747 0.224608397252503
242.9747 0.224608397252504
243.1747 0.224608397252502
243.3748 0.224608397252501
243.5748 0.224608397252502
243.7748 0.224608397252501
243.9748 0.224608397252501
244.1749 0.224608397252502
244.3749 0.224608397252503
244.5749 0.224608397252510
244.7749 0.224608397252499
244.9750 0.224608397252504
245.1750 0.224608397252502
245.3750 0.224608397252500
245.5750 0.224608397252513
245.7751 0.224608397252502
245.9751 0.224608397252501
246.1751 0.224608397252502
246.3751 0.224608397252501
246.5752 0.224608397252502
246.7752 0.224608397252499
246.9752 0.224608397252504
247.1752 0.224608397252503
247.3753 0.224608397252522
247.5753 0.224608397252501
247.7753 0.224608397252501
247.9753 0.224608397252507
248.1754 0.224608397252510
248.3754 0.224608397252506
248.5754 0.224608397252507
248.7754 0.224608397252504
248.9755 0.224608397252502
249.1755 0.224608397252564
249.3755 0.224608397252503
249.5755 0.224608397252500
249.7756 0.224608397252500
249.9756 0.224608397252502
250.1756 0.224608397252506
250.3756 0.224608397252501
250.5757 0.224608397252506
250.7757 0.224608397252505
250.9757 0.224608397252503
251.1757 0.224608397252505
251.3758 0.224608397252504
251.5758 0.224608397252505
251.7758 0.224608397252500
251.9758 0.224608397252504
252.1759 0.224608397252501
252.3759 0.224608397252502
252.5759 0.224608397252516
252.7759 0.224608397252511
252.9760 0.224608397252503
253.1760 0.224608397252502
253.3760 0.224608397252503
253.5760 0.224608397252502
253.7761 0.224608397252500
253.9761 0.224608397252502
254.1761 0.224608397252513
254.3761 0.224608397252502
254.5761 0.224608397252504
254.7762 0.224608397252506
254.9762 0.224608397252503
255.1762 0.224608397252502
255.3762 0.224608397252500
255.5763 0.224608397252501
255.7763 0.224608397252503
255.9763 0.224608397252524
256.1763 0.224608397252505
256.3764 0.224608397252503
256.5764 0.224608397252503
256.7764 0.224608397252501
256.9764 0.224608397252503
257.1765 0.224608397252500
257.3765 0.224608397252500
257.5765 0.224608397252500
257.7765 0.224608397252501
257.9766 0.224608397252506
258.1766 0.224608397252506
258.3766 0.224608397252503
258.5766 0.224608397252507
258.7767 0.224608397252509
258.9767 0.224608397252505
259.1767 0.224608397252504
259.3767 0.224608397252502
259.5768 0.224608397252504
259.7768 0.224608397252507
259.9768 0.224608397252507
260.1768 0.224608397252501
260.3769 0.224608397252509
260.5769 0.224608397252509
260.7769 0.224608397252503
260.9769 0.224608397252502
261.1770 0.224608397252501
261.3770 0.224608397252505
261.5770 0.224608397252540
261.7770 0.224608397252505
261.9771 0.224608397252635
262.1771 0.224608397252500
262.3771 0.224608397252503
262.5771 0.224608397252504
262.7772 0.224608397252502
262.9772 0.224608397252500
263.1772 0.224608397252523
263.3772 0.224608397252503
263.5773 0.224608397252505
263.7773 0.224608397252515
263.9773 0.224608397252507
264.1773 0.224608397252503
264.3774 0.224608397252501
264.5774 0.224608397252503
264.7774 0.224608397252506
264.9774 0.224608397252501
265.1775 0.224608397252501
265.3775 0.224608397252500
265.5775 0.224608397252501
266.7736 0.224608397252502
266.9736 0.224608397252499
267.1736 0.224608397252501
267.3737 0.224608397252500
267.5737 0.224608397252501
267.7737 0.224608397252498
267.9737 0.224608397252501
268.1738 0.224608397252496
268.3738 0.224608397252500
268.5738 0.224608397252501
268.7738 0.224608397252498
268.9739 0.224608397252499
269.1739 0.224608397252501
269.3739 0.224608397252500
269.5739 0.224608397252500
269.7740 0.224608397252501
269.9740 0.224608397252497
270.1740 0.224608397252499
270.3740 0.224608397252501
270.5741 0.224608397252501
270.7741 0.224608397252499
270.9741 0.224608397252499
271.1741 0.224608397252502
271.3742 0.224608397252501
271.5742 0.224608397252498
271.7742 0.224608397252501
271.9742 0.224608397252501
272.1743 0.224608397252502
272.3743 0.224608397252501
272.5743 0.224608397252500
272.7743 0.224608397252500
272.9744 0.224608397252502
273.1744 0.224608397252497
273.3744 0.224608397252503
273.5744 0.224608397252500
273.7745 0.224608397252497
273.9745 0.224608397252498
274.1745 0.224608397252499
274.3745 0.224608397252500
274.5746 0.224608397252498
274.7746 0.224608397252499
274.9746 0.224608397252500
275.1746 0.224608397252500
275.3747 0.224608397252499
275.5747 0.224608397252500
275.7747 0.224608397252499
275.9747 0.224608397252496
276.1747 0.224608397252501
276.3748 0.224608397252500
276.5748 0.224608397252500
276.7748 0.224608397252500
276.9748 0.224608397252498
277.1749 0.224608397252502
277.3749 0.224608397252502
277.5749 0.224608397252501
277.7749 0.224608397252499
277.9750 0.224608397252499
278.1750 0.224608397252501
278.3750 0.224608397252501
278.5750 0.224608397252501
278.7751 0.224608397252500
278.9751 0.224608397252499
279.1751 0.224608397252498
279.3751 0.224608397252499
279.5752 0.224608397252500
279.7752 0.224608397252498
279.9752 0.224608397252499
280.1752 0.224608397252499
280.3753 0.224608397252500
280.5753 0.224608397252501
280.7753 0.224608397252500
280.9753 0.224608397252500
281.1754 0.224608397252499
281.3754 0.224608397252501
281.5754 0.224608397252501
281.7754 0.224608397252499
281.9755 0.224608397252498
282.1755 0.224608397252501
282.3755 0.224608397252498
282.5755 0.224608397252501
282.7756 0.224608397252499
282.9756 0.224608397252497
283.1756 0.224608397252501
283.3756 0.224608397252501
283.5757 0.224608397252498
283.7757 0.224608397252501
283.9757 0.224608397252501
284.1757 0.224608397252498
284.3758 0.224608397252498
284.5758 0.224608397252501
284.7758 0.224608397252499
284.9758 0.224608397252502
285.1759 0.224608397252498
285.3759 0.224608397252502
285.5759 0.224608397252499
285.7759 0.224608397252502
285.9760 0.224608397252501
286.1760 0.224608397252499
286.3760 0.224608397252503
286.5760 0.224608397252500
286.7761 0.224608397252499
286.9761 0.224608397252502
287.1761 0.224608397252500
287.3761 0.224608397252500
287.5761 0.224608397252502
287.7762 0.224608397252499
287.9762 0.224608397252500
288.1762 0.224608397252500
288.3762 0.224608397252500
288.5763 0.224608397252499
288.7763 0.224608397252500
288.9763 0.224608397252500
289.1763 0.224608397252499
289.3764 0.224608397252499
289.5764 0.224608397252500
289.7764 0.224608397252499
289.9764 0.224608397252500
290.1765 0.224608397252499
290.3765 0.224608397252501
290.5765 0.224608397252499
290.7765 0.224608397252503
290.9766 0.224608397252500
291.1766 0.224608397252500
291.3766 0.224608397252499
291.5766 0.224608397252500
291.7767 0.224608397252497
291.9767 0.224608397252499
292.1767 0.224608397252500
292.3767 0.224608397252500
292.5768 0.224608397252500
292.7768 0.224608397252501
292.9768 0.224608397252499
293.1768 0.224608397252500
293.3769 0.224608397252503
293.5769 0.224608397252500
293.7769 0.224608397252499
293.9769 0.224608397252502
294.1770 0.224608397252500
294.3770 0.224608397252499
294.5770 0.224608397252501
294.7770 0.224608397252501
294.9771 0.224608397252500
295.1771 0.224608397252500
295.3771 0.224608397252500
295.5771 0.224608397252502
295.7772 0.224608397252502
295.9772 0.224608397252503
296.1772 0.224608397252498
296.3772 0.224608397252500
296.5773 0.224608397252501
296.7773 0.224608397252500
296.9773 0.224608397252502
297.1773 0.224608397252498
297.3774 0.224608397252501
297.5774 0.224608397252498
297.7774 0.224608397252501
297.9774 0.224608397252498
298.1775 0.224608397252498
298.3775 0.224608397252500
298.5775 0.224608397252499
298.7775 0.224608397252497
298.9775 0.224608397252499
299.1776 0.224608397252502
299.3776 0.224608397252501
299.5776 0.224608397252501
299.7776 0.224608397252499
299.9777 0.224608397252499
300.1777 0.224608397252499
300.3777 0.224608397252499
300.5777 0.224608397252500
300.7778 0.224608397252500
300.9778 0.224608397252498
301.1778 0.224608397252497
301.3778 0.224608397252500
301.5779 0.224608397252500
301.7779 0.224608397252500
301.9779 0.224608397252499
302.1779 0.224608397252500
302.3780 0.224608397252499
302.5780 0.224608397252501
302.7780 0.224608397252501
302.9780 0.224608397252501
303.1781 0.224608397252499
303.3781 0.224608397252501
303.5781 0.224608397252498
303.7781 0.224608397252500
303.9782 0.224608397252503
304.1782 0.224608397252501
304.3782 0.224608397252501
304.5782 0.224608397252501
304.7783 0.224608397252500
304.9783 0.224608397252498
305.1783 0.224608397252500
305.3783 0.224608397252500
305.5784 0.224608397252499
305.7784 0.224608397252499
305.9784 0.224608397252502
306.1784 0.224608397252499
306.3785 0.224608397252500
306.5785 0.224608397252500
306.7785 0.224608397252500
306.9785 0.224608397252501
307.1786 0.224608397252499
307.3786 0.224608397252502
307.5786 0.224608397252498
307.7786 0.224608397252498
307.9787 0.224608397252501
308.1787 0.224608397252500
308.3787 0.224608397252499
308.5787 0.224608397252501
308.7788 0.224608397252500
308.9788 0.224608397252501
309.1788 0.224608397252500
309.3788 0.224608397252501
309.5789 0.224608397252502
309.7789 0.224608397252501
309.9789 0.224608397252501
310.1789 0.224608397252501
310.3790 0.224608397252501
310.5790 0.224608397252500
310.7790 0.224608397252501
310.9790 0.224608397252501
311.1790 0.224608397252500
311.3791 0.224608397252501
311.5791 0.224608397252501
311.7791 0.224608397252500
311.9791 0.224608397252500
312.1792 0.224608397252498
312.3792 0.224608397252499
312.5792 0.224608397252500
312.7792 0.224608397252499
312.9793 0.224608397252500
313.1793 0.224608397252499
313.3793 0.224608397252499
313.5793 0.224608397252500
313.7794 0.224608397252500
313.9794 0.224608397252502
314.1794 0.224608397252501
314.3794 0.224608397252499
314.5795 0.224608397252502
314.7795 0.224608397252500
314.9795 0.224608397252502
315.1795 0.224608397252500
315.3796 0.224608397252499
315.5796 0.224608397252502
315.7796 0.224608397252499
315.9796 0.224608397252503
316.1797 0.224608397252499
316.3797 0.224608397252500
316.5797 0.224608397252500
316.7797 0.224608397252499
316.9798 0.224608397252498
317.1798 0.224608397252500
317.3798 0.224608397252499
317.5798 0.224608397252500
317.7799 0.224608397252501
317.9799 0.224608397252498
318.1799 0.224608397252499
318.3799 0.224608397252499
318.5800 0.224608397252500
318.7800 0.224608397252501
318.9800 0.224608397252499
319.1800 0.224608397252500
319.3801 0.224608397252500
319.5801 0.224608397252501
319.7801 0.224608397252498
319.9801 0.224608397252500
320.1802 0.224608397252499
320.3802 0.224608397252500
320.5802 0.224608397252500
320.7802 0.224608397252500
320.9803 0.224608397252501
321.1803 0.224608397252499
321.3803 0.224608397252498
321.5803 0.224608397252502
321.7804 0.224608397252500
321.9804 0.224608397252498
322.1804 0.224608397252501
322.3804 0.224608397252500
322.5804 0.224608397252499
322.7805 0.224608397252499
322.9805 0.224608397252498
323.1805 0.224608397252500
323.3805 0.224608397252502
323.5806 0.224608397252499
323.7806 0.224608397252501
323.9806 0.224608397252500
324.1806 0.224608397252501
324.3807 0.224608397252499
324.5807 0.224608397252502
324.7807 0.224608397252501
324.9807 0.224608397252500
325.1808 0.224608397252500
325.3808 0.224608397252501
325.5808 0.224608397252501
325.7808 0.224608397252501
325.9809 0.224608397252502
326.1809 0.224608397252500
326.3809 0.224608397252499
326.5809 0.224608397252500
326.7810 0.224608397252501
326.9810 0.224608397252499
327.1810 0.224608397252500
327.3810 0.224608397252501
327.5811 0.224608397252499
327.7811 0.224608397252500
327.9811 0.224608397252501
328.1811 0.224608397252499
328.3812 0.224608397252500
328.5812 0.224608397252501
328.7812 0.224608397252499
328.9812 0.224608397252499
329.1813 0.224608397252502
329.3813 0.224608397252500
329.5813 0.224608397252501
329.7813 0.224608397252501
329.9814 0.224608397252501
330.1814 0.224608397252501
330.3814 0.224608397252499
330.5814 0.224608397252500
330.7815 0.224608397252501
330.9815 0.224608397252499
331.1815 0.224608397252501
331.3815 0.224608397252498
331.5816 0.224608397252499
331.7816 0.224608397252500
331.9816 0.224608397252498
332.1816 0.224608397252500
332.3817 0.224608397252497
332.5817 0.224608397252500
332.7817 0.224608397252499
332.9817 0.224608397252499
333.1818 0.224608397252501
333.3818 0.224608397252500
333.5818 0.224608397252502
333.7818 0.224608397252500
333.9818 0.224608397252502
334.1819 0.224608397252501
334.3819 0.224608397252500
334.5819 0.224608397252500
334.7819 0.224608397252498
334.9820 0.224608397252500
335.1820 0.224608397252500
335.3820 0.224608397252501
335.5820 0.224608397252499
335.7821 0.224608397252499
335.9821 0.224608397252499
336.1821 0.224608397252502
336.3821 0.224608397252498
336.5822 0.224608397252501
336.7822 0.224608397252501
336.9822 0.224608397252500
337.1822 0.224608397252500
337.3823 0.224608397252498
337.5823 0.224608397252500
337.7823 0.224608397252499
337.9823 0.224608397252499
338.1824 0.224608397252499
338.3824 0.224608397252500
338.5824 0.224608397252500
338.7824 0.224608397252495
338.9825 0.224608397252500
339.1825 0.224608397252499
339.3825 0.224608397252501
339.5825 0.224608397252498
339.7826 0.224608397252499
339.9826 0.224608397252500
340.1826 0.224608397252500
340.3826 0.224608397252500
340.5827 0.224608397252499
340.7827 0.224608397252499
340.9827 0.224608397252500
341.1827 0.224608397252501
341.3828 0.224608397252500
341.5828 0.224608397252499
341.7828 0.224608397252501
341.9828 0.224608397252500
342.1829 0.224608397252499
342.3829 0.224608397252500
342.5829 0.224608397252502
342.7829 0.224608397252503
342.9830 0.224608397252499
343.1830 0.224608397252501
343.3830 0.224608397252500
343.5830 0.224608397252500
343.7831 0.224608397252499
343.9831 0.224608397252500
344.1831 0.224608397252501
344.3831 0.224608397252501
344.5832 0.224608397252501
344.7832 0.224608397252502
344.9832 0.224608397252500
345.1832 0.224608397252504
345.3832 0.224608397252503
345.5833 0.224608397252501
345.7833 0.224608397252502
345.9833 0.224608397252499
346.1833 0.224608397252500
346.3834 0.224608397252500
346.5834 0.224608397252502
346.7834 0.224608397252499
346.9834 0.224608397252501
347.1835 0.224608397252500
347.3835 0.224608397252501
347.5835 0.224608397252502
347.7835 0.224608397252500
347.9836 0.224608397252498
348.1836 0.224608397252501
348.3836 0.224608397252500
348.5836 0.224608397252498
348.7837 0.224608397252498
348.9837 0.224608397252500
349.1837 0.224608397252499
349.3837 0.224608397252500
349.5838 0.224608397252500
349.7838 0.224608397252501
349.9838 0.224608397252500
350.1838 0.224608397252502
350.3839 0.224608397252500
350.5839 0.224608397252501
350.7839 0.224608397252501
350.9839 0.224608397252500
351.1840 0.224608397252499
351.3840 0.224608397252499
351.5840 0.224608397252501
351.7840 0.224608397252498
351.9841 0.224608397252498
352.1841 0.224608397252498
352.3841 0.224608397252500
352.5841 0.224608397252501
352.7842 0.224608397252500
352.9842 0.224608397252499
353.1842 0.224608397252500
353.3842 0.224608397252499
353.5843 0.224608397252502
353.7843 0.224608397252500
353.9843 0.224608397252499
354.1843 0.224608397252501
354.3844 0.224608397252499
354.5844 0.224608397252500
354.7844 0.224608397252499
354.9844 0.224608397252499
355.1845 0.224608397252500
355.3845 0.224608397252500
355.5845 0.224608397252499
355.7845 0.224608397252501
355.9846 0.224608397252499
356.1846 0.224608397252501
356.3846 0.224608397252500
356.5846 0.224608397252500
356.7847 0.224608397252501
356.9847 0.224608397252501
357.1847 0.224608397252502
357.3847 0.224608397252501
357.5847 0.224608397252501
357.7848 0.224608397252502
357.9848 0.224608397252501
358.1848 0.224608397252499
358.3848 0.224608397252500
358.5849 0.224608397252499
358.7849 0.224608397252501
358.9849 0.224608397252498
359.1849 0.224608397252498
359.3850 0.224608397252501
359.5850 0.224608397252502
359.7850 0.224608397252499
359.9850 0.224608397252501
360.1851 0.224608397252499
360.3851 0.224608397252499
360.5851 0.224608397252499
360.7851 0.224608397252501
360.9852 0.224608397252499
361.1852 0.224608397252499
361.3852 0.224608397252500
361.5852 0.224608397252500
361.7853 0.224608397252500
361.9853 0.224608397252501
362.1853 0.224608397252500
362.3853 0.224608397252500
362.5854 0.224608397252500
362.7854 0.224608397252501
362.9854 0.224608397252497
363.1854 0.224608397252500
363.3855 0.224608397252500
363.5855 0.224608397252501
363.7855 0.224608397252500
363.9855 0.224608397252497
364.1856 0.224608397252499
364.3856 0.224608397252501
364.5856 0.224608397252499
364.7856 0.224608397252499
364.9857 0.224608397252499
365.1857 0.224608397252499
365.3857 0.224608397252500
365.5857 0.224608397252499
365.7858 0.224608397252501
365.9858 0.224608397252501
366.1858 0.224608397252501
366.3858 0.224608397252502
366.5859 0.224608397252500
366.7859 0.224608397252501
366.9859 0.224608397252501
367.1859 0.224608397252501
367.3860 0.224608397252501
367.5860 0.224608397252499
367.7860 0.224608397252501
367.9860 0.224608397252501
368.1861 0.224608397252497
368.3861 0.224608397252500
368.5861 0.224608397252500
368.7861 0.224608397252500
368.9861 0.224608397252500
369.1862 0.224608397252502
369.3862 0.224608397252500
369.5862 0.224608397252501
369.7862 0.224608397252499
369.9863 0.224608397252501
370.1863 0.224608397252498
370.3863 0.224608397252502
370.5863 0.224608397252501
370.7864 0.224608397252499
370.9864 0.224608397252501
371.1864 0.224608397252501
371.3864 0.224608397252501
371.5865 0.224608397252500
371.7865 0.224608397252498
371.9865 0.224608397252502
372.1865 0.224608397252500
372.3866 0.224608397252500
372.5866 0.224608397252499
372.7866 0.224608397252499
372.9866 0.224608397252499
373.1867 0.224608397252498
373.3867 0.224608397252500
373.5867 0.224608397252501
373.7867 0.224608397252498
373.9868 0.224608397252501
374.1868 0.224608397252499
374.3868 0.224608397252500
374.5868 0.224608397252501
374.7869 0.224608397252498
374.9869 0.224608397252502
375.1869 0.224608397252500
375.3869 0.224608397252500
375.5870 0.224608397252501
375.7870 0.224608397252500
375.9870 0.224608397252500
376.1870 0.224608397252500
376.3871 0.224608397252500
376.5871 0.224608397252501
376.7871 0.224608397252500
376.9871 0.224608397252501
377.1872 0.224608397252499
377.3872 0.224608397252502
377.5872 0.224608397252498
377.7872 0.224608397252500
377.9873 0.224608397252500
378.1873 0.224608397252499
378.3873 0.224608397252499
378.5873 0.224608397252500
378.7874 0.224608397252501
378.9874 0.224608397252501
379.1874 0.224608397252501
379.3874 0.224608397252504
379.5875 0.224608397252499
379.7875 0.224608397252499
379.9875 0.224608397252499
380.1875 0.224608397252500
380.3875 0.224608397252499
380.5876 0.224608397252499
380.7876 0.224608397252498
380.9876 0.224608397252499
381.1876 0.224608397252499
381.3877 0.224608397252498
381.5877 0.224608397252499
381.7877 0.224608397252498
381.9877 0.224608397252500
382.1878 0.224608397252498
382.3878 0.224608397252499
382.5878 0.224608397252501
382.7878 0.224608397252500
382.9879 0.224608397252502
383.1879 0.224608397252499
383.3879 0.224608397252500
383.5879 0.224608397252499
383.7880 0.224608397252498
383.9880 0.224608397252499
384.1880 0.224608397252501
384.3880 0.224608397252500
384.5881 0.224608397252500
384.7881 0.224608397252499
384.9881 0.224608397252500
385.1881 0.224608397252500
385.3882 0.224608397252501
385.5882 0.224608397252501
385.7882 0.224608397252502
385.9882 0.224608397252500
386.1883 0.224608397252497
386.3883 0.224608397252497
386.5883 0.224608397252500
386.7883 0.224608397252498
386.9884 0.224608397252503
387.1884 0.224608397252499
387.3884 0.224608397252501
387.5884 0.224608397252500
387.7885 0.224608397252501
387.9885 0.224608397252499
388.1885 0.224608397252500
388.3885 0.224608397252497
388.5886 0.224608397252500
388.7886 0.224608397252498
388.9886 0.224608397252500
389.1886 0.224608397252501
389.3887 0.224608397252499
389.5887 0.224608397252500
389.7887 0.224608397252501
389.9887 0.224608397252500
390.1888 0.224608397252501
390.3888 0.224608397252501
390.5888 0.224608397252502
390.7888 0.224608397252499
390.9889 0.224608397252499
391.1889 0.224608397252500
391.3889 0.224608397252500
391.5889 0.224608397252501
391.7889 0.224608397252501
391.9890 0.224608397252500
392.1890 0.224608397252500
392.3890 0.224608397252501
392.5890 0.224608397252499
392.7891 0.224608397252501
392.9891 0.224608397252498
393.1891 0.224608397252500
393.3891 0.224608397252501
393.5892 0.224608397252501
393.7892 0.224608397252501
393.9892 0.224608397252500
394.1892 0.224608397252499
394.3893 0.224608397252501
394.5893 0.224608397252498
394.7893 0.224608397252501
394.9893 0.224608397252500
395.1894 0.224608397252499
395.3894 0.224608397252502
395.5894 0.224608397252503
395.7894 0.224608397252502
395.9895 0.224608397252500
396.1895 0.224608397252499
396.3895 0.224608397252500
396.5895 0.224608397252501
396.7896 0.224608397252499
396.9896 0.224608397252499
397.1896 0.224608397252496
397.3896 0.224608397252501
397.5897 0.224608397252497
397.7897 0.224608397252501
397.9897 0.224608397252500
398.1897 0.224608397252500
398.3898 0.224608397252501
398.5898 0.224608397252501
398.7898 0.224608397252499
398.9898 0.224608397252502
399.1899 0.224608397252500
399.3899 0.224608397252501
399.5899 0.224608397252499
399.7899 0.224608397252501
399.9900 0.224608397252501
400.1900 0.224608397252501
400.3900 0.224608397252503
400.5900 0.224608397252502
400.7901 0.224608397252499
400.9901 0.224608397252498
401.1901 0.224608397252501
401.3901 0.224608397252501
401.5902 0.224608397252500
401.7902 0.224608397252500
401.9902 0.224608397252500
402.1902 0.224608397252500
402.3903 0.224608397252501
402.5903 0.224608397252500
402.7903 0.224608397252501
402.9903 0.224608397252500
403.1904 0.224608397252499
403.3904 0.224608397252500
403.5904 0.224608397252500
403.7904 0.224608397252499
403.9904 0.224608397252499
404.1905 0.224608397252497
404.3905 0.224608397252497
404.5905 0.224608397252500
404.7905 0.224608397252501
404.9906 0.224608397252500
405.1906 0.224608397252499
405.3906 0.224608397252498
405.5906 0.224608397252500
405.7907 0.224608397252500
405.9907 0.224608397252499
406.1907 0.224608397252499
406.3907 0.224608397252498
406.5908 0.224608397252500
406.7908 0.224608397252501
406.9908 0.224608397252501
407.1908 0.224608397252499
407.3909 0.224608397252504
407.5909 0.224608397252500
407.7909 0.224608397252500
407.9909 0.224608397252501
408.1910 0.224608397252500
408.3910 0.224608397252501
408.5910 0.224608397252503
408.7910 0.224608397252499
408.9911 0.224608397252496
409.1911 0.224608397252501
409.3911 0.224608397252500
409.5911 0.224608397252499
409.7912 0.224608397252503
409.9912 0.224608397252500
410.1912 0.224608397252498
410.3912 0.224608397252500
410.5913 0.224608397252501
410.7913 0.224608397252500
410.9913 0.224608397252499
411.1913 0.224608397252501
411.3914 0.224608397252499
411.5914 0.224608397252502
411.7914 0.224608397252500
411.9914 0.224608397252499
412.1915 0.224608397252502
412.3915 0.224608397252500
412.5915 0.224608397252498
412.7915 0.224608397252500
412.9916 0.224608397252498
413.1916 0.224608397252500
413.3916 0.224608397252500
413.5916 0.224608397252501
413.7917 0.224608397252501
413.9917 0.224608397252499
414.1917 0.224608397252500
414.3917 0.224608397252499
414.5918 0.224608397252499
414.7918 0.224608397252499
414.9918 0.224608397252501
415.1918 0.224608397252502
415.3918 0.224608397252499
415.5919 0.224608397252501
415.7919 0.224608397252498
415.9919 0.224608397252499
416.1919 0.224608397252501
416.3920 0.224608397252499
416.5920 0.224608397252498
416.7920 0.224608397252500
416.9920 0.224608397252499
417.1921 0.224608397252502
417.3921 0.224608397252499
417.5921 0.224608397252500
417.7921 0.224608397252501
417.9922 0.224608397252499
418.1922 0.224608397252499
418.3922 0.224608397252499
418.5922 0.224608397252501
418.7923 0.224608397252498
418.9923 0.224608397252500
419.1923 0.224608397252498
419.3923 0.224608397252500
419.5924 0.224608397252499
419.7924 0.224608397252501
419.9924 0.224608397252502
420.1924 0.224608397252500
420.3925 0.224608397252501
420.5925 0.224608397252499
420.7925 0.224608397252498
420.9925 0.224608397252498
421.1926 0.224608397252501
421.3926 0.224608397252501
421.5926 0.224608397252499
421.7926 0.224608397252500
421.9927 0.224608397252499
422.1927 0.224608397252499
422.3927 0.224608397252500
422.5927 0.224608397252497
422.7928 0.224608397252502
422.9928 0.224608397252500
423.1928 0.224608397252501
423.3928 0.224608397252500
423.5929 0.224608397252498
423.7929 0.224608397252500
423.9929 0.224608397252501
424.1929 0.224608397252501
424.3930 0.224608397252500
424.5930 0.224608397252499
424.7930 0.224608397252501
424.9930 0.224608397252499
425.1931 0.224608397252500
425.3931 0.224608397252499
425.5931 0.224608397252499
425.7931 0.224608397252500
425.9932 0.224608397252499
426.1932 0.224608397252503
426.3932 0.224608397252499
426.5932 0.224608397252501
426.7932 0.224608397252500
426.9933 0.224608397252498
427.1933 0.224608397252502
427.3933 0.224608397252499
427.5933 0.224608397252502
427.7934 0.224608397252501
427.9934 0.224608397252499
428.1934 0.224608397252502
428.3934 0.224608397252500
428.5935 0.224608397252499
428.7935 0.224608397252501
428.9935 0.224608397252499
429.1935 0.224608397252500
429.3936 0.224608397252500
429.5936 0.224608397252500
429.7936 0.224608397252500
429.9936 0.224608397252500
430.1937 0.224608397252499
430.3937 0.224608397252500
430.5937 0.224608397252499
430.7937 0.224608397252500
430.9938 0.224608397252501
431.1938 0.224608397252500
431.3938 0.224608397252502
431.5938 0.224608397252500
431.7939 0.224608397252499
431.9939 0.224608397252502
432.1939 0.224608397252499
432.3939 0.224608397252500
432.5940 0.224608397252501
432.7940 0.224608397252500
432.9940 0.224608397252501
433.1940 0.224608397252501
433.3941 0.224608397252501
433.5941 0.224608397252499
433.7941 0.224608397252497
433.9941 0.224608397252501
434.1942 0.224608397252499
434.3942 0.224608397252498
434.5942 0.224608397252498
434.7942 0.224608397252499
434.9943 0.224608397252501
435.1943 0.224608397252503
435.3943 0.224608397252500
435.5943 0.224608397252498
435.7944 0.224608397252497
435.9944 0.224608397252501
436.1944 0.224608397252502
436.3944 0.224608397252498
436.5945 0.224608397252497
436.7945 0.224608397252502
436.9945 0.224608397252500
437.1945 0.224608397252503
437.3946 0.224608397252501
437.5946 0.224608397252501
437.7946 0.224608397252500
437.9946 0.224608397252499
438.1947 0.224608397252501
438.3947 0.224608397252499
438.5947 0.224608397252502
438.7947 0.224608397252501
438.9947 0.224608397252498
439.1948 0.224608397252500
439.3948 0.224608397252501
439.5948 0.224608397252500
439.7948 0.224608397252497
439.9949 0.224608397252499
440.1949 0.224608397252500
440.3949 0.224608397252497
440.5949 0.224608397252500
440.7950 0.224608397252500
440.9950 0.224608397252499
441.1950 0.224608397252501
441.3950 0.224608397252501
441.5951 0.224608397252502
441.7951 0.224608397252501
441.9951 0.224608397252500
442.1951 0.224608397252499
442.3952 0.224608397252500
442.5952 0.224608397252500
442.7952 0.224608397252499
442.9952 0.224608397252500
443.1953 0.224608397252499
443.3953 0.224608397252500
443.5953 0.224608397252502
443.7953 0.224608397252501
443.9954 0.224608397252500
444.1954 0.224608397252499
444.3954 0.224608397252500
444.5954 0.224608397252501
444.7955 0.224608397252499
444.9955 0.224608397252501
445.1955 0.224608397252498
445.3955 0.224608397252501
445.5956 0.224608397252499
445.7956 0.224608397252500
445.9956 0.224608397252500
446.1956 0.224608397252500
446.3957 0.224608397252501
446.5957 0.224608397252501
446.7957 0.224608397252502
446.9957 0.224608397252501
447.1958 0.224608397252502
447.3958 0.224608397252502
447.5958 0.224608397252500
447.7958 0.224608397252503
447.9959 0.224608397252502
448.1959 0.224608397252499
448.3959 0.224608397252502
448.5959 0.224608397252500
448.7960 0.224608397252501
448.9960 0.224608397252500
449.1960 0.224608397252499
449.3960 0.224608397252499
449.5961 0.224608397252502
449.7961 0.224608397252500
449.9961 0.224608397252501
450.1961 0.224608397252496
450.3961 0.224608397252501
450.5962 0.224608397252500
450.7962 0.224608397252501
450.9962 0.224608397252498
451.1962 0.224608397252499
451.3963 0.224608397252500
451.5963 0.224608397252498
451.7963 0.224608397252500
451.9963 0.224608397252498
452.1964 0.224608397252500
452.3964 0.224608397252501
452.5964 0.224608397252499
452.7964 0.224608397252501
452.9965 0.224608397252500
453.1965 0.224608397252500
453.3965 0.224608397252500
453.5965 0.224608397252499
453.7966 0.224608397252501
453.9966 0.224608397252500
454.1966 0.224608397252499
454.3966 0.224608397252501
454.5967 0.224608397252499
454.7967 0.224608397252501
454.9967 0.224608397252501
455.1967 0.224608397252502
455.3968 0.224608397252499
455.5968 0.224608397252500
455.7968 0.224608397252500
455.9968 0.224608397252499
456.1969 0.224608397252499
456.3969 0.224608397252500
456.5969 0.224608397252500
456.7969 0.224608397252501
456.9970 0.224608397252498
457.1970 0.224608397252500
457.3970 0.224608397252501
457.5970 0.224608397252500
457.7971 0.224608397252501
457.9971 0.224608397252500
458.1971 0.224608397252499
458.3971 0.224608397252502
458.5972 0.224608397252500
458.7972 0.224608397252502
458.9972 0.224608397252499
459.1972 0.224608397252501
459.3973 0.224608397252500
459.5973 0.224608397252499
459.7973 0.224608397252501
459.9973 0.224608397252502
460.1974 0.224608397252502
460.3974 0.224608397252501
460.5974 0.224608397252501
460.7974 0.224608397252500
460.9975 0.224608397252500
461.1975 0.224608397252498
461.3975 0.224608397252499
461.5975 0.224608397252502
461.7975 0.224608397252501
461.9976 0.224608397252498
462.1976 0.224608397252499
462.3976 0.224608397252501
462.5976 0.224608397252499
462.7977 0.224608397252502
462.9977 0.224608397252500
463.1977 0.224608397252499
463.3977 0.224608397252500
463.5978 0.224608397252501
463.7978 0.224608397252498
463.9978 0.224608397252498
464.1978 0.224608397252500
464.3979 0.224608397252497
464.5979 0.224608397252501
464.7979 0.224608397252500
464.9979 0.224608397252497
465.1980 0.224608397252500
465.3980 0.224608397252500
465.5980 0.224608397252500
465.7980 0.224608397252499
465.9981 0.224608397252501
466.1981 0.224608397252500
466.3981 0.224608397252499
466.5981 0.224608397252502
466.7982 0.224608397252503
466.9982 0.224608397252499
467.1982 0.224608397252499
467.3982 0.224608397252502
467.5983 0.224608397252500
467.7983 0.224608397252499
467.9983 0.224608397252501
468.1983 0.224608397252501
468.3984 0.224608397252499
468.5984 0.224608397252499
468.7984 0.224608397252500
468.9984 0.224608397252498
469.1985 0.224608397252501
469.3985 0.224608397252499
469.5985 0.224608397252500
469.7985 0.224608397252499
469.9986 0.224608397252500
470.1986 0.224608397252500
470.3986 0.224608397252499
470.5986 0.224608397252499
470.7987 0.224608397252499
470.9987 0.224608397252500
471.1987 0.224608397252502
471.3987 0.224608397252499
471.5988 0.224608397252500
471.7988 0.224608397252502
471.9988 0.224608397252499
472.1988 0.224608397252500
472.3989 0.224608397252501
472.5989 0.224608397252499
472.7989 0.224608397252500
472.9989 0.224608397252503
473.1989 0.224608397252500
473.3990 0.224608397252503
473.5990 0.224608397252503
473.7990 0.224608397252500
473.9990 0.224608397252499
474.1991 0.224608397252500
474.3991 0.224608397252501
474.5991 0.224608397252499
474.7991 0.224608397252498
474.9992 0.224608397252501
475.1992 0.224608397252501
475.3992 0.224608397252501
475.5992 0.224608397252499
475.7993 0.224608397252499
475.9993 0.224608397252499
476.1993 0.224608397252498
476.3993 0.224608397252500
476.5994 0.224608397252501
476.7994 0.224608397252500
476.9994 0.224608397252498
477.1994 0.224608397252501
477.3995 0.224608397252500
477.5995 0.224608397252502
477.7995 0.224608397252500
477.9995 0.224608397252501
478.1996 0.224608397252499
478.3996 0.224608397252501
478.5996 0.224608397252501
478.7996 0.224608397252497
478.9997 0.224608397252501
479.1997 0.224608397252502
479.3997 0.224608397252499
479.5997 0.224608397252498
479.7998 0.224608397252499
479.9998 0.224608397252500
480.1998 0.224608397252499
480.3998 0.224608397252501
480.5999 0.224608397252499
480.7999 0.224608397252498
480.9999 0.224608397252502
481.1999 0.224608397252499
481.4000 0.224608397252500
481.6000 0.224608397252502
481.8000 0.224608397252500
482.0000 0.224608397252501
482.2001 0.224608397252499
482.4001 0.224608397252499
482.6001 0.224608397252499
482.8001 0.224608397252498
483.0002 0.224608397252498
483.2002 0.224608397252502
483.4002 0.224608397252501
483.6002 0.224608397252500
483.8003 0.224608397252501
484.0003 0.224608397252499
484.2003 0.224608397252499
484.4003 0.224608397252500
484.6004 0.224608397252500
484.8004 0.224608397252500
485.0004 0.224608397252501
485.2004 0.224608397252500
485.4004 0.224608397252498
485.6005 0.224608397252501
485.8005 0.224608397252499
486.0005 0.224608397252500
486.2005 0.224608397252500
486.4006 0.224608397252499
486.6006 0.224608397252498
486.8006 0.224608397252501
487.0006 0.224608397252500
487.2007 0.224608397252501
487.4007 0.224608397252498
487.6007 0.224608397252500
487.8007 0.224608397252501
488.0008 0.224608397252501
488.2008 0.224608397252500
488.4008 0.224608397252500
488.6008 0.224608397252501
488.8009 0.224608397252500
489.0009 0.224608397252502
489.2009 0.224608397252500
489.4009 0.224608397252498
489.6010 0.224608397252501
489.8010 0.224608397252500
490.0010 0.224608397252500
490.2010 0.224608397252499
490.4011 0.224608397252502
490.6011 0.224608397252501
490.8011 0.224608397252499
491.0011 0.224608397252498
491.2012 0.224608397252501
491.4012 0.224608397252501
491.6012 0.224608397252500
491.8012 0.224608397252499
492.0013 0.224608397252500
492.2013 0.224608397252501
492.4013 0.224608397252500
492.6013 0.224608397252500
492.8014 0.224608397252499
493.0014 0.224608397252497
493.2014 0.224608397252501
493.4014 0.224608397252501
493.6015 0.224608397252500
493.8015 0.224608397252500
494.0015 0.224608397252498
494.2015 0.224608397252502
494.4016 0.224608397252501
494.6016 0.224608397252499
494.8016 0.224608397252501
495.0016 0.224608397252500
495.2017 0.224608397252500
495.4017 0.224608397252498
495.6017 0.224608397252500
495.8017 0.224608397252499
496.0018 0.224608397252502
496.2018 0.224608397252501
496.4018 0.224608397252499
496.6018 0.224608397252500
496.8018 0.224608397252499
497.0019 0.224608397252499
497.2019 0.224608397252500
497.4019 0.224608397252501
497.6019 0.224608397252500
497.8020 0.224608397252500
498.0020 0.224608397252501
498.2020 0.224608397252498
498.4020 0.224608397252501
498.6021 0.224608397252503
498.8021 0.224608397252498
499.0021 0.224608397252499
499.2021 0.224608397252502
499.4022 0.224608397252500
499.6022 0.224608397252500
499.8022 0.224608397252498
500.0022 0.224608397252501
500.2023 0.224608397252501
500.4023 0.224608397252500
500.6023 0.224608397252499
500.8023 0.224608397252500
501.0024 0.224608397252501
501.2024 0.224608397252500
501.4024 0.224608397252499
501.6024 0.224608397252501
501.8025 0.224608397252499
502.0025 0.224608397252499
502.2025 0.224608397252499
502.4025 0.224608397252499
502.6026 0.224608397252500
502.8026 0.224608397252499
503.0026 0.224608397252500
503.2026 0.224608397252499
503.4027 0.224608397252500
503.6027 0.224608397252500
503.8027 0.224608397252501
504.0027 0.224608397252502
504.2028 0.224608397252500
504.4028 0.224608397252500
504.6028 0.224608397252501
504.8028 0.224608397252500
505.0029 0.224608397252500
505.2029 0.224608397252501
505.4029 0.224608397252502
505.6029 0.224608397252500
505.8030 0.224608397252499
506.0030 0.224608397252499
506.2030 0.224608397252500
506.4030 0.224608397252500
506.6031 0.224608397252499
506.8031 0.224608397252503
507.0031 0.224608397252500
507.2031 0.224608397252500
507.4032 0.224608397252500
507.6032 0.224608397252501
507.8032 0.224608397252502
508.0032 0.224608397252502
508.2032 0.224608397252502
508.4033 0.224608397252497
508.6033 0.224608397252500
508.8033 0.224608397252501
509.0033 0.224608397252500
509.2034 0.224608397252502
509.4034 0.224608397252499
509.6034 0.224608397252499
509.8034 0.224608397252500
510.0035 0.224608397252500
510.2035 0.224608397252499
510.4035 0.224608397252499
510.6035 0.224608397252500
510.8036 0.224608397252501
511.0036 0.224608397252500
511.2036 0.224608397252498
511.4036 0.224608397252500
511.6037 0.224608397252500
511.8037 0.224608397252499
512.0037 0.224608397252502
512.2037 0.224608397252501
512.4038 0.224608397252499
512.6038 0.224608397252500
512.8038 0.224608397252499
513.0038 0.224608397252500
513.2039 0.224608397252499
513.4039 0.224608397252500
513.6039 0.224608397252499
513.8039 0.224608397252499
514.0040 0.224608397252499
514.2040 0.224608397252500
514.4040 0.224608397252498
514.6040 0.224608397252499
514.8041 0.224608397252500
515.0041 0.224608397252500
515.2041 0.224608397252497
515.4041 0.224608397252498
515.6042 0.224608397252498
515.8042 0.224608397252500
516.0042 0.224608397252501
516.2042 0.224608397252498
516.4043 0.224608397252501
516.6043 0.224608397252499
516.8043 0.224608397252499
517.0043 0.224608397252499
517.2044 0.224608397252500
517.4044 0.224608397252501
517.6044 0.224608397252498
517.8044 0.224608397252500
518.0045 0.224608397252499
518.2045 0.224608397252501
518.4045 0.224608397252499
518.6045 0.224608397252501
518.8046 0.224608397252501
519.0046 0.224608397252499
519.2046 0.224608397252500
519.4046 0.224608397252501
519.6046 0.224608397252498
519.8047 0.224608397252497
520.0047 0.224608397252502
520.2047 0.224608397252498
520.4047 0.224608397252501
520.6048 0.224608397252501
520.8048 0.224608397252498
521.0048 0.224608397252501
521.2048 0.224608397252499
521.4049 0.224608397252503
521.6049 0.224608397252501
521.8049 0.224608397252501
522.0049 0.224608397252500
522.2050 0.224608397252500
522.4050 0.224608397252498
522.6050 0.224608397252498
